# Preamp: -18 dB
GraphicEQ: 25 18; 40 18; 63 18; 100 13; 160 7; 250 6; 400 5.2; 630 2; 1000 0; 1600 -1; 2500 5; 4000 1; 6300 1; 10000 7; 16000 18
GraphicEQ: 20 0; 25 0; 31.5 0; 40 0; 50 0; 63 0; 80 0; 100 0; 125 0; 160 0; 200 1; 250 0; 315 0; 400 0; 500 0; 630 0.5; 800 1; 1000 0; 1250 -2; 1600 -1; 2000 0; 2500 -1; 3150 -3; 4000 -4; 5000 -6; 6300 1; 8000 -2; 10000 -1; 12500 4; 16000 0; 20000 0
GraphicEQ: 20 0; 22.4 0; 25 0; 28.1 0; 31.5 0; 35.5 0; 40 0; 44.7 0; 50 0; 56.1 0; 63 0; 71 0; 80 0; 89.4 0; 100 0; 111.8 1; 125 2; 141.4 2; 160 1; 178.6 1; 200 0; 223.6 1; 250 1; 280.6 1; 315 0.5; 355 0.5; 400 -2; 447.2 0; 500 -1.5; 561.2 -0.5; 630 -1; 709.9 -0.5; 800 -1; 894.4 0; 1000 0; 1113.7 0.5; 1250 0.5; 1414.2 1.5; 1600 1; 1788.9 1; 1992.6 1.5; 2236.1 0.5; 2500 -0.5; 2806.2 -1; 3150 -0.5; 3549.6 0; 4000 0; 4472.1 1; 5000 1; 5612.5 2.5; 6303.6 2.5; 7099.3 1.5; 8000 2; 8944.3 4.5; 10000 3; 11180.3 1.5; 12500 1.75; 14142.1 1; 16000 0; 17888.5 0; 20000 0
GraphicEQ: 20 0; 21.1 0; 22.4 0; 23.6 0; 25 0; 26.5 0; 28.1 0; 29.7 0; 31.5 0; 33.4 0; 35.5 0; 37.7 0; 40 0; 42.3 0; 44.7 0; 47.3 0; 50 0; 53 0; 56.1 0; 59.5 0; 63 0; 66.9 0; 71 0; 75.4 0; 80 0; 84.6 0; 89.4 0; 94.6 0; 100 0; 105.7 0; 111.8 0; 118.2 0; 125 0; 133 0; 141.4 0; 150.4 0; 160 0; 169.2 0; 178.9 0; 189.1 0; 200 0; 211.5 0; 223.6 0; 236.4 0; 250 0; 264.9 0; 280.6 0; 297.3 0; 315 0; 334.4 0; 355 0; 376.8 0; 400 0; 422.9 0; 447.2 0; 472.9 0; 500 0; 529.7 0; 561.2 0; 594.6 0; 630 0; 668.8 0; 709.9 0; 753.6 0; 800 0; 845.9 0; 894.4 0; 945.7 0; 1000 0; 1057.4 0; 1118 0; 1182.2 0; 1250 0; 1329.6 0; 1414.2 0; 1504.2 0; 1600 0; 1691.8 0; 1788.9 0; 1891.5 0; 2000 0; 2114.7 0; 2236.1 0; 2364.4 0; 2500 0; 2648.7 0; 2806.2 0; 2973.2 0; 3150 0; 3343.9 0; 3549.6 0; 3768.1 0; 4000 0; 4229.5 0; 4472.1 0; 4728.7 0; 5000 0; 5297.4 0; 5612.5 0; 5946.3 0; 6300 0; 6687.7 0; 7099.3 0; 7536.2 0; 8000 0; 8459 0; 8944.3 0; 9457.4 0; 10000 0; 10573.7 0; 11180.3 0; 11821.8 0; 12500 0; 13295.7 0; 14142.1 0; 15042.4 0; 16000 0; 16917.9 0; 17888.5 0; 18914.8 0; 20000 0
GraphicEQ: 20 0; 20.6 0; 21.1 0; 21.7 0; 22.4 0; 23 0; 23.6 0; 24.3 0; 25 0; 25.7 0; 26.5 0; 27.3 0; 28.1 0; 28.9 0; 29.7 0; 30.6 0; 31.5 0; 32.5 0; 33.4 0; 34.5 0; 35.5 0; 36.6 0; 37.7 0; 38.8 0; 40 0; 41.1 0; 42.3 0; 43.5 0; 44.7 0; 46 0; 47.3 0; 48.6 0; 50 0; 51.5 0; 53 0; 54.5 0; 56.1 0; 57.8 0; 59.5 0; 61.2 0; 63 0; 64.9 0; 66.9 0; 68.9 0; 71 0; 73.1 0; 75.4 0; 77.6 0; 80 0; 82.3 0; 84.6 0; 87 0; 89.4 0; 92 0; 94.6 0; 97.2 0; 100 0; 102.8 0; 105.7 0; 108.7 0; 111.8 0; 115 0; 118.2 0; 121.6 0; 125 0; 128.9 0; 133 0; 137.1 0; 141.4 0; 145.9 0; 150.4 0; 155.1 0; 160 0; 164.5 0; 169.2 0; 174 0; 178.9 0; 183.9 0; 189.1 0; 194.5 0; 200 0; 205.7 0; 211.5 0; 217.5 0; 223.6 0; 229.9 0; 236.4 0; 243.1 0; 250 0; 257.3 0; 264.9 0; 272.6 0; 280.6 0; 288.8 0; 297.3 0; 306 0; 315 0; 324.5 0; 334.4 0; 344.5 0; 355 0; 365.7 0; 376.8 0; 388.2 0; 400 0; 411.3 0; 422.9 0; 434.9 0; 447.2 0; 459.9 0; 472.9 0; 486.2 0; 500 0; 514.7 0; 529.7 0; 545.3 0; 561.2 0; 577.7 0; 594.6 0; 612.1 0; 630 0; 649.1 0; 668.8 0; 689 0; 709.9 0; 731.4 0; 753.6 0; 776.5 0; 800 0; 822.6 0; 845.9 0; 869.8 0; 894.4 0; 919.7 0; 945.7 0; 972.5 0; 1000 0; 1028.3 0; 1057.4 0; 1087.3 0; 1118 0; 1149.7 0; 1182.2 0; 1215.6 0; 1250 0; 1289.2 0; 1329.6 0; 1371.2 0; 1414.2 0; 1458.5 0; 1504.2 0; 1551.4 0; 1600 0; 1645.3 0; 1691.8 0; 1739.6 0; 1788.9 0; 1839.5 0; 1891.5 0; 1945 0; 2000 0; 2056.6 0; 2114.7 0; 2174.6 0; 2236.1 0; 2299.3 0; 2364.4 0; 2431.2 0; 2500 0; 2573.3 0; 2648.7 0; 2726.3 0; 2806.2 0; 2888.5 0; 2973.2 0; 3060.3 0; 3150 0; 3245.5 0; 3343.9 0; 3445.2 0; 3549.6 0; 3657.2 0; 3768.1 0; 3882.3 0; 4000 0; 4113.1 0; 4229.5 0; 4349.1 0; 4472.1 0; 4598.6 0; 4728.7 0; 4862.5 0; 5000 0; 5146.6 0; 5297.4 0; 5452.7 0; 5612.5 0; 5777 0; 5946.3 0; 6120.6 0; 6300 0; 6491 0; 6687.7 0; 6890.4 0; 7099.3 0; 7314.5 0; 7536.2 0; 7764.6 0; 8000 0; 8226.3 0; 8459 0; 8698.2 0; 8944.3 0; 9197.3 0; 9457.4 0; 9724.9 0; 10000 0; 10282.9 0; 10573.7 0; 10872.8 0; 11180.3 0; 11496.6 0; 11821.8 0; 12156.2 0; 12500 0; 12891.7 0; 13295.7 0; 13712.4 0; 14142.1 0; 14585.3 0; 15042.4 0; 15513.8 0; 16000 0; 16452.6 0; 16917.9 0; 17396.5 0; 17888.5 0; 18394.5 0; 18914.8 0; 19449.8 0; 20000 0
# Filter: ON LS Fc 100 Hz Gain -6 dB
# supress bass
# GraphicEQ: 20 -5; 25 -5; 31.5 -5; 40 -5; 50 -5; 63 -5; 80 -5; 100 -5; 125 -5; 160 -3; 200 -3; 250 -3; 315 -3; 400 -2; 500 -2; 630 -1; 800 -1; 1000 0; 1250 0; 1600 0; 2000 0; 2500 0; 3150 0; 4000 0; 5000 0; 6300 0; 8000 0; 10000 0; 12500 0; 16000 0; 20000 0
Channel: R
Preamp: -3.5 dB
Channel: all